type	latitude	longitude	name
W	37.3371389	-121.8799411	1
W	37.3372072637	-121.879855481	2
W	37.3371389	-121.8799411	3
W	37.3372072637	-121.879855481	4
W	37.3371389	-121.8799411	5
W	37.3372072637	-121.879855481	6
W	37.3371389	-121.8799411	7
W	37.3372072637	-121.879855481	8
W	37.3371389	-121.8799411	9
W	37.3372072637	-121.879855481	10
W	37.3371389	-121.8799411	11
W	37.3372072637	-121.879855481	12
W	37.3371389	-121.8799411	13
W	37.3372072637	-121.879855481	14
W	37.3371389	-121.8799411	15
W	37.3372072637	-121.879855481	16
W	37.3371389	-121.8799411	17
W	37.3372072637	-121.879855481	18
W	37.3371389	-121.8799411	19
W	37.3372072637	-121.879855481	20
W	37.3371389	-121.8799411	21
W	37.3372072637	-121.879855481	22
W	37.3371389	-121.8799411	23
W	37.3372072637	-121.879855481	24
W	37.3371389	-121.8799411	25
W	37.3372072637	-121.879855481	26
W	37.3371389	-121.8799411	27
W	37.3372072637	-121.879855481	28
W	37.3371389	-121.8799411	29
W	37.3372072637	-121.879855481	30
W	37.3371389	-121.8799411	31
W	37.3372072637	-121.879855481	32
W	37.3371389	-121.8799411	33
W	37.3372072637	-121.879855481	34
W	37.3371389	-121.8799411	35
W	37.3372072637	-121.879855481	36
W	37.3371389	-121.8799411	37
W	37.3372072637	-121.879855481	38
W	37.3371389	-121.8799411	39
W	37.3372072637	-121.879855481	40
W	37.3371389	-121.8799411	41
W	37.3372072637	-121.879855481	42
W	37.3371389	-121.8799411	43
W	37.3372072637	-121.879855481	44
W	37.3371389	-121.8799411	45
W	37.3372072637	-121.879855481	46
W	37.3371389	-121.8799411	47
W	37.3372072637	-121.879855481	48
W	37.3371389	-121.8799411	49
W	37.3372072637	-121.879855481	50
W	37.3371389	-121.8799411	51
W	37.3372072637	-121.879855481	52
W	37.3371389	-121.8799411	53
W	37.3372072637	-121.879855481	54
W	37.3371389	-121.8799411	55
W	37.3372072637	-121.879855481	56
W	37.3371389	-121.8799411	57
W	37.3372072637	-121.879855481	58
W	37.3371389	-121.8799411	59
W	37.3372072637	-121.879855481	60
W	37.3371389	-121.8799411	61
W	37.3372072637	-121.879855481	62
W	37.3371389	-121.8799411	63
W	37.3372072637	-121.879855481	64
W	37.3371389	-121.8799411	65
W	37.3372072637	-121.879855481	66
W	37.3371389	-121.8799411	67
W	37.3372072637	-121.879855481	68
W	37.3371389	-121.8799411	69
W	37.3372072637	-121.879855481	70
W	37.3371389	-121.8799411	71
W	37.3372072637	-121.879855481	72
W	37.3371389	-121.8799411	73
W	37.3372072637	-121.879855481	74
W	37.3371389	-121.8799411	75
W	37.3372072637	-121.879855481	76
W	37.3371389	-121.8799411	77
W	37.3372072637	-121.879855481	78
W	37.3371389	-121.8799411	79
W	37.3372072637	-121.879855481	80
W	37.3371389	-121.8799411	81
W	37.3372072637	-121.879855481	82
W	37.3371389	-121.8799411	83
W	37.3372072637	-121.879855481	84
W	37.3371389	-121.8799411	85
W	37.3372072637	-121.879855481	86
W	37.3371389	-121.8799411	87
W	37.3372072637	-121.879855481	88
W	37.3371389	-121.8799411	89
W	37.3372072637	-121.879855481	90
W	37.3371389	-121.8799411	91
W	37.3372072637	-121.879855481	92
W	37.3371389	-121.8799411	93
W	37.3372072637	-121.879855481	94
W	37.3371389	-121.8799411	95
W	37.3372072637	-121.879855481	96
W	37.3371389	-121.8799411	97
W	37.3372072637	-121.879855481	98
W	37.3371389	-121.8799411	99
W	37.3372072637	-121.879855481	100
W	37.3371389	-121.8799411	101
W	37.3372072637	-121.879855481	102
W	37.3371389	-121.8799411	103
W	37.3372072637	-121.879855481	104
W	37.3371389	-121.8799411	105
W	37.3372072637	-121.879855481	106
W	37.3371389	-121.8799411	107
W	37.3372072637	-121.879855481	108
W	37.3371389	-121.8799411	109
W	37.3372072637	-121.879855481	110
W	37.3371389	-121.8799411	111
W	37.3372072637	-121.879855481	112
W	37.3371389	-121.8799411	113
W	37.3372072637	-121.879855481	114
W	37.3371389	-121.8799411	115
W	37.3372072637	-121.879855481	116
W	37.3371389	-121.8799411	117
W	37.3372072637	-121.879855481	118
W	37.3371389	-121.8799411	119
W	37.3372072637	-121.879855481	120
W	37.3371389	-121.8799411	121
W	37.3372072637	-121.879855481	122
W	37.3371389	-121.8799411	123
W	37.3372072637	-121.879855481	124
W	37.3371389	-121.8799411	125
W	37.3372072637	-121.879855481	126
W	37.3371389	-121.8799411	127
W	37.3372072637	-121.879855481	128
W	37.3371389	-121.8799411	129
W	37.3372072637	-121.879855481	130
W	37.3371389	-121.8799411	131
W	37.3372072637	-121.879855481	132
W	37.3371389	-121.8799411	133
W	37.3372072637	-121.879855481	134
W	37.3371389	-121.8799411	135
W	37.3372072637	-121.879855481	136
W	37.3371389	-121.8799411	137
W	37.3372072637	-121.879855481	138
W	37.3371389	-121.8799411	139
W	37.3372072637	-121.879855481	140
W	37.3371389	-121.8799411	141
W	37.3372072637	-121.879855481	142
W	37.3371389	-121.8799411	143
W	37.3372072637	-121.879855481	144
W	37.3371389	-121.8799411	145
W	37.3372072637	-121.879855481	146
W	37.3371389	-121.8799411	147
W	37.3372072637	-121.879855481	148
W	37.3371389	-121.8799411	149
W	37.3372072637	-121.879855481	150
W	37.3371389	-121.8799411	151
W	37.3372072637	-121.879855481	152
W	37.3371389	-121.8799411	153
W	37.3372072637	-121.879855481	154
W	37.3371389	-121.8799411	155
W	37.3372072637	-121.879855481	156
W	37.3371389	-121.8799411	157
W	37.3372072637	-121.879855481	158
W	37.3371389	-121.8799411	159
W	37.3372072637	-121.879855481	160
W	37.3371389	-121.8799411	161
W	37.3372072637	-121.879855481	162
W	37.3371389	-121.8799411	163
W	37.3372072637	-121.879855481	164
W	37.3371389	-121.8799411	165
W	37.3372072637	-121.879855481	166
W	37.3371389	-121.8799411	167
W	37.3372072637	-121.879855481	168
W	37.3371389	-121.8799411	169
W	37.3372072637	-121.879855481	170
W	37.3371389	-121.8799411	171
W	37.3372072637	-121.879855481	172
W	37.3371389	-121.8799411	173
W	37.3372072637	-121.879855481	174
W	37.3371389	-121.8799411	175
W	37.3372072637	-121.879855481	176
W	37.3371389	-121.8799411	177
W	37.3372072637	-121.879855481	178
W	37.3371389	-121.8799411	179
W	37.3372072637	-121.879855481	180
W	37.3371389	-121.8799411	181
W	37.3372072637	-121.879855481	182
W	37.3371389	-121.8799411	183
W	37.3372072637	-121.879855481	184
W	37.3371389	-121.8799411	185
W	37.3372072637	-121.879855481	186
W	37.3371389	-121.8799411	187
W	37.3372072637	-121.879855481	188
W	37.3371389	-121.8799411	189
W	37.3372072637	-121.879855481	190
W	37.3371389	-121.8799411	191
W	37.3372072637	-121.879855481	192
W	37.3371389	-121.8799411	193
W	37.3372072637	-121.879855481	194
W	37.3371389	-121.8799411	195
W	37.3372072637	-121.879855481	196
W	37.3371389	-121.8799411	197
W	37.3372072637	-121.879855481	198
W	37.3371389	-121.8799411	199
W	37.3372072637	-121.879855481	200
W	37.3371389	-121.8799411	201
W	37.3372072637	-121.879855481	202
W	37.3371389	-121.8799411	203
W	37.3372072637	-121.879855481	204
W	37.3371389	-121.8799411	205
W	37.3372072637	-121.879855481	206
W	37.3371389	-121.8799411	207
W	37.3372072637	-121.879855481	208
W	37.3371389	-121.8799411	209
W	37.3372072637	-121.879855481	210
W	37.3371389	-121.8799411	211
W	37.3372072637	-121.879855481	212
W	37.3371389	-121.8799411	213
W	37.3372072637	-121.879855481	214
W	37.3371389	-121.8799411	215
W	37.3372072637	-121.879855481	216
W	37.3371389	-121.8799411	217
W	37.3372072637	-121.879855481	218
W	37.3371389	-121.8799411	219
W	37.3372072637	-121.879855481	220
W	37.3371389	-121.8799411	221
W	37.3372072637	-121.879855481	222
W	37.3371389	-121.8799411	223
W	37.3372072637	-121.879855481	224
W	37.3371389	-121.8799411	225
W	37.3372072637	-121.879855481	226
W	37.3371389	-121.8799411	227
W	37.3372072637	-121.879855481	228
W	37.3371389	-121.8799411	229
W	37.3372072637	-121.879855481	230
W	37.3371389	-121.8799411	231
W	37.3372072637	-121.879855481	232
W	37.3371389	-121.8799411	233
W	37.3372072637	-121.879855481	234
W	37.3371389	-121.8799411	235
W	37.3372072637	-121.879855481	236
W	37.3371389	-121.8799411	237
W	37.3372072637	-121.879855481	238
W	37.3371389	-121.8799411	239
W	37.3372072637	-121.879855481	240
W	37.3371389	-121.8799411	241
W	37.3372072637	-121.879855481	242
W	37.3371389	-121.8799411	243
W	37.3372072637	-121.879855481	244
W	37.3371389	-121.8799411	245
W	37.3372072637	-121.879855481	246
W	37.3371389	-121.8799411	247
W	37.3372072637	-121.879855481	248
W	37.3371389	-121.8799411	249
W	37.3372072637	-121.879855481	250
W	37.3371389	-121.8799411	251
W	37.3372072637	-121.879855481	252
W	37.3371389	-121.8799411	253
W	37.3372072637	-121.879855481	254
W	37.3371389	-121.8799411	255
W	37.3372072637	-121.879855481	256
W	37.3371389	-121.8799411	257
W	37.3372072637	-121.879855481	258
W	37.3371389	-121.8799411	259
W	37.3372072637	-121.879855481	260
W	37.3371389	-121.8799411	261
W	37.3372072637	-121.879855481	262
W	37.3371389	-121.8799411	263
W	37.3372072637	-121.879855481	264
W	37.3371389	-121.8799411	265
W	37.3372072637	-121.879855481	266
W	37.3371389	-121.8799411	267
W	37.3372072637	-121.879855481	268
W	37.3371389	-121.8799411	269
W	37.3372072637	-121.879855481	270
W	37.3371389	-121.8799411	271
W	37.3372072637	-121.879855481	272
W	37.3371389	-121.8799411	273
W	37.3372072637	-121.879855481	274
W	37.3371389	-121.8799411	275
W	37.3372072637	-121.879855481	276
W	37.3371389	-121.8799411	277
W	37.3372072637	-121.879855481	278
W	37.3371389	-121.8799411	279
W	37.3372072637	-121.879855481	280
W	37.3371389	-121.8799411	281
W	37.3372072637	-121.879855481	282
W	37.3371389	-121.8799411	283
W	37.3372072637	-121.879855481	284
W	37.3371389	-121.8799411	285
W	37.3372072637	-121.879855481	286
W	37.3371389	-121.8799411	287
W	37.3372072637	-121.879855481	288
W	37.3371389	-121.8799411	289
W	37.3372072637	-121.879855481	290
W	37.3371389	-121.8799411	291
W	37.3372072637	-121.879855481	292
W	37.3371389	-121.8799411	293
W	37.3372072637	-121.879855481	294
W	37.3371389	-121.8799411	295
W	37.3372072637	-121.879855481	296
W	37.3371389	-121.8799411	297
W	37.3372072637	-121.879855481	298
W	37.3371389	-121.8799411	299
W	37.3372072637	-121.879855481	300
W	37.3371389	-121.8799411	301
W	37.3372072637	-121.879855481	302
W	37.3371389	-121.8799411	303
W	37.3372072637	-121.879855481	304
W	37.3371389	-121.8799411	305
W	37.3372072637	-121.879855481	306
W	37.3371389	-121.8799411	307
W	37.3372072637	-121.879855481	308
W	37.3371389	-121.8799411	309
W	37.3372072637	-121.879855481	310
W	37.3371389	-121.8799411	311
W	37.3372072637	-121.879855481	312
W	37.3371389	-121.8799411	313
W	37.3372072637	-121.879855481	314
W	37.3371389	-121.8799411	315
W	37.3372072637	-121.879855481	316
W	37.3371389	-121.8799411	317
W	37.3372072637	-121.879855481	318
W	37.3371389	-121.8799411	319
W	37.3372072637	-121.879855481	320
W	37.3371389	-121.8799411	321
W	37.3372072637	-121.879855481	322
W	37.3371389	-121.8799411	323
W	37.3372072637	-121.879855481	324
W	37.3371389	-121.8799411	325
W	37.3372072637	-121.879855481	326
W	37.3371389	-121.8799411	327
W	37.3372072637	-121.879855481	328
W	37.3371389	-121.8799411	329
W	37.3372072637	-121.879855481	330
W	37.3371389	-121.8799411	331
W	37.3372072637	-121.879855481	332
W	37.3371389	-121.8799411	333
W	37.3372072637	-121.879855481	334
W	37.3371389	-121.8799411	335
W	37.3372072637	-121.879855481	336
W	37.3371389	-121.8799411	337
W	37.3372072637	-121.879855481	338
W	37.3371389	-121.8799411	339
W	37.3372072637	-121.879855481	340
W	37.3371389	-121.8799411	341
W	37.3372072637	-121.879855481	342
W	37.3371389	-121.8799411	343
W	37.3372072637	-121.879855481	344
W	37.3371389	-121.8799411	345
W	37.3372072637	-121.879855481	346
W	37.3371389	-121.8799411	347
W	37.3372072637	-121.879855481	348
W	37.3371389	-121.8799411	349
W	37.3372072637	-121.879855481	350
W	37.3371389	-121.8799411	351
W	37.3372072637	-121.879855481	352
W	37.3371389	-121.8799411	353
W	37.3372072637	-121.879855481	354
W	37.3371389	-121.8799411	355
W	37.3372072637	-121.879855481	356
W	37.3371389	-121.8799411	357
W	37.3372072637	-121.879855481	358
W	37.3371389	-121.8799411	359
W	37.3372072637	-121.879855481	360
W	37.3371389	-121.8799411	361
W	37.3372072637	-121.879855481	362
W	37.3371389	-121.8799411	363
W	37.3372072637	-121.879855481	364
W	37.3371389	-121.8799411	365
W	37.3372072637	-121.879855481	366
W	37.3371389	-121.8799411	367
W	37.3372072637	-121.879855481	368
W	37.3371389	-121.8799411	369
W	37.3372072637	-121.879855481	370
W	37.3371389	-121.8799411	371
W	37.3372072637	-121.879855481	372
W	37.3371389	-121.8799411	373
W	37.3372072637	-121.879855481	374
W	37.3371389	-121.8799411	375
W	37.3372072637	-121.879855481	376
W	37.3371389	-121.8799411	377
W	37.3372072637	-121.879855481	378
W	37.3371389	-121.8799411	379
W	37.3372072637	-121.879855481	380
W	37.3371389	-121.8799411	381
W	37.3372072637	-121.879855481	382
W	37.3371389	-121.8799411	383
W	37.3372072637	-121.879855481	384
W	37.3371389	-121.8799411	385
W	37.3372072637	-121.879855481	386
W	37.3371389	-121.8799411	387
W	37.3372072637	-121.879855481	388
W	37.3371389	-121.8799411	389
W	37.3372072637	-121.879855481	390
W	37.3371389	-121.8799411	391
W	37.3372072637	-121.879855481	392
W	37.3371389	-121.8799411	393
W	37.3372072637	-121.879855481	394
W	37.3371389	-121.8799411	395
W	37.3372072637	-121.879855481	396
W	37.3371389	-121.8799411	397
W	37.3372072637	-121.879855481	398
W	37.3371389	-121.8799411	399
W	37.3372072637	-121.879855481	400
W	37.3371389	-121.8799411	401
W	37.3372072637	-121.879855481	402
W	37.3371389	-121.8799411	403
W	37.3372072637	-121.879855481	404
W	37.3371389	-121.8799411	405
W	37.3372072637	-121.879855481	406
W	37.3371389	-121.8799411	407
W	37.3372072637	-121.879855481	408
W	37.3371389	-121.8799411	409
W	37.3372072637	-121.879855481	410
W	37.3371389	-121.8799411	411
W	37.3372072637	-121.879855481	412
W	37.3371389	-121.8799411	413
W	37.3372072637	-121.879855481	414
W	37.3371389	-121.8799411	415
W	37.3372072637	-121.879855481	416
W	37.3371389	-121.8799411	417
W	37.3372072637	-121.879855481	418
W	37.3371389	-121.8799411	419
W	37.3372072637	-121.879855481	420
W	37.3371389	-121.8799411	421
W	37.3372072637	-121.879855481	422
W	37.3371389	-121.8799411	423
W	37.3372072637	-121.879855481	424
W	37.3371389	-121.8799411	425
W	37.3372072637	-121.879855481	426
W	37.3371389	-121.8799411	427
W	37.3372072637	-121.879855481	428
W	37.3371389	-121.8799411	429
W	37.3372072637	-121.879855481	430
W	37.3371389	-121.8799411	431
W	37.3372072637	-121.879855481	432
W	37.3371389	-121.8799411	433
W	37.3372072637	-121.879855481	434
W	37.3371389	-121.8799411	435
W	37.3372072637	-121.879855481	436
W	37.3371389	-121.8799411	437
W	37.3372072637	-121.879855481	438
W	37.3371389	-121.8799411	439
W	37.3372072637	-121.879855481	440
W	37.3371389	-121.8799411	441
W	37.3372072637	-121.879855481	442
W	37.3371389	-121.8799411	443
W	37.3372072637	-121.879855481	444
W	37.3371389	-121.8799411	445
W	37.3372072637	-121.879855481	446
W	37.3371389	-121.8799411	447
W	37.3372072637	-121.879855481	448
W	37.3371389	-121.8799411	449
W	37.3372072637	-121.879855481	450
W	37.3371389	-121.8799411	451
W	37.3372072637	-121.879855481	452
W	37.3371389	-121.8799411	453
W	37.3372072637	-121.879855481	454
W	37.3371389	-121.8799411	455
W	37.3372072637	-121.879855481	456
W	37.3371389	-121.8799411	457
W	37.3372072637	-121.879855481	458
W	37.3371389	-121.8799411	459
W	37.3372072637	-121.879855481	460
W	37.3371389	-121.8799411	461
W	37.3372072637	-121.879855481	462
W	37.3371389	-121.8799411	463
W	37.3372072637	-121.879855481	464
W	37.3371389	-121.8799411	465
W	37.3372072637	-121.879855481	466
W	37.3371389	-121.8799411	467
W	37.3372072637	-121.879855481	468
W	37.3371389	-121.8799411	469
W	37.3372072637	-121.879855481	470
W	37.3371389	-121.8799411	471
W	37.3372072637	-121.879855481	472
W	37.3371389	-121.8799411	473
W	37.3372072637	-121.879855481	474
W	37.3371389	-121.8799411	475
W	37.3372072637	-121.879855481	476
W	37.3371389	-121.8799411	477
W	37.3372072637	-121.879855481	478
W	37.3371389	-121.8799411	479
W	37.3372072637	-121.879855481	480
W	37.3371389	-121.8799411	481
W	37.3372072637	-121.879855481	482
W	37.3371389	-121.8799411	483
W	37.3372072637	-121.879855481	484
W	37.3371389	-121.8799411	485
W	37.3372072637	-121.879855481	486
W	37.3371389	-121.8799411	487
W	37.3372072637	-121.879855481	488
W	37.3371389	-121.8799411	489
W	37.3372072637	-121.879855481	490
W	37.3371389	-121.8799411	491
W	37.3372072637	-121.879855481	492
W	37.3371389	-121.8799411	493
W	37.3372072637	-121.879855481	494
W	37.3371389	-121.8799411	495
W	37.3372072637	-121.879855481	496
W	37.3371389	-121.8799411	497
W	37.3372072637	-121.879855481	498
W	37.3371389	-121.8799411	499
W	37.3372072637	-121.879855481	500
W	37.3371389	-121.8799411	501
W	37.3372072637	-121.879855481	502
W	37.3371389	-121.8799411	503
W	37.3372072637	-121.879855481	504
W	37.3371389	-121.8799411	505
W	37.3372072637	-121.879855481	506
W	37.3371389	-121.8799411	507
W	37.3372072637	-121.879855481	508
W	37.3371389	-121.8799411	509
W	37.3372072637	-121.879855481	510
W	37.3371389	-121.8799411	511
W	37.3372072637	-121.879855481	512
W	37.3371389	-121.8799411	513
W	37.3372072637	-121.879855481	514
W	37.3371389	-121.8799411	515
W	37.3372072637	-121.879855481	516
W	37.3371389	-121.8799411	517
W	37.3372072637	-121.879855481	518
W	37.3371389	-121.8799411	519
W	37.3372072637	-121.879855481	520
W	37.3371389	-121.8799411	521
W	37.3372072637	-121.879855481	522
W	37.3371389	-121.8799411	523
W	37.3372072637	-121.879855481	524
W	37.3371389	-121.8799411	525
W	37.3372072637	-121.879855481	526
W	37.3371389	-121.8799411	527
W	37.3372072637	-121.879855481	528
W	37.3371389	-121.8799411	529
W	37.3372072637	-121.879855481	530
W	37.3371389	-121.8799411	531
W	37.3372072637	-121.879855481	532
W	37.3371389	-121.8799411	533
W	37.3372072637	-121.879855481	534
W	37.3371389	-121.8799411	535
W	37.3372072637	-121.879855481	536
W	37.3371389	-121.8799411	537
W	37.3372072637	-121.879855481	538
W	37.3371389	-121.8799411	539
W	37.3372072637	-121.879855481	540
W	37.3371389	-121.8799411	541
W	37.3372072637	-121.879855481	542
W	37.3371389	-121.8799411	543
W	37.3372072637	-121.879855481	544
W	37.3371389	-121.8799411	545
W	37.3372072637	-121.879855481	546
W	37.3371389	-121.8799411	547
W	37.3372072637	-121.879855481	548
W	37.3371389	-121.8799411	549
W	37.3372072637	-121.879855481	550
W	37.3371389	-121.8799411	551
W	37.3372072637	-121.879855481	552
W	37.3371389	-121.8799411	553
W	37.3372072637	-121.879855481	554
W	37.3371389	-121.8799411	555
W	37.3372072637	-121.879855481	556
W	37.3371389	-121.8799411	557
W	37.3372072637	-121.879855481	558
W	37.3371389	-121.8799411	559
W	37.3372072637	-121.879855481	560
W	37.3371389	-121.8799411	561
W	37.3372072637	-121.879855481	562
W	37.3371389	-121.8799411	563
W	37.3372072637	-121.879855481	564
W	37.3371389	-121.8799411	565
W	37.3372072637	-121.879855481	566
W	37.3371389	-121.8799411	567
W	37.3372072637	-121.879855481	568
W	37.3371389	-121.8799411	569
W	37.3372072637	-121.879855481	570
W	37.3371389	-121.8799411	571
W	37.3372072637	-121.879855481	572
W	37.3371389	-121.8799411	573
W	37.3372072637	-121.879855481	574
W	37.3371389	-121.8799411	575
W	37.3372072637	-121.879855481	576
W	37.3371389	-121.8799411	577
W	37.3372072637	-121.879855481	578
W	37.3371389	-121.8799411	579
W	37.3372072637	-121.879855481	580
W	37.3371389	-121.8799411	581
W	37.3372072637	-121.879855481	582
W	37.3371389	-121.8799411	583
W	37.3372072637	-121.879855481	584
W	37.3371389	-121.8799411	585
W	37.3372072637	-121.879855481	586
W	37.3371389	-121.8799411	587
W	37.3372072637	-121.879855481	588
W	37.3371389	-121.8799411	589
W	37.3372072637	-121.879855481	590
W	37.3371389	-121.8799411	591
W	37.3372072637	-121.879855481	592
W	37.3371389	-121.8799411	593
W	37.3372072637	-121.879855481	594
W	37.3371389	-121.8799411	595
W	37.3372072637	-121.879855481	596
W	37.3371389	-121.8799411	597
W	37.3372072637	-121.879855481	598
W	37.3371389	-121.8799411	599
W	37.3372072637	-121.879855481	600
W	37.3371389	-121.8799411	601
W	37.3372072637	-121.879855481	602
W	37.3371389	-121.8799411	603
W	37.3372072637	-121.879855481	604
W	37.3371389	-121.8799411	605
W	37.3372072637	-121.879855481	606
W	37.3371389	-121.8799411	607
W	37.3372072637	-121.879855481	608
W	37.3371389	-121.8799411	609
W	37.3372072637	-121.879855481	610
W	37.3371389	-121.8799411	611
W	37.3372072637	-121.879855481	612
W	37.3371389	-121.8799411	613
W	37.3372072637	-121.879855481	614
W	37.3371389	-121.8799411	615
W	37.3372072637	-121.879855481	616
W	37.3371389	-121.8799411	617
W	37.3372072637	-121.879855481	618
W	37.3371389	-121.8799411	619
W	37.3372072637	-121.879855481	620
W	37.3371389	-121.8799411	621
W	37.3372072637	-121.879855481	622
W	37.3371389	-121.8799411	623
W	37.3372072637	-121.879855481	624
W	37.3371389	-121.8799411	625
W	37.3372072637	-121.879855481	626
W	37.3371389	-121.8799411	627
W	37.3372072637	-121.879855481	628
W	37.3371389	-121.8799411	629
W	37.3372072637	-121.879855481	630
W	37.3371389	-121.8799411	631
W	37.3372072637	-121.879855481	632
W	37.3371389	-121.8799411	633
W	37.3372072637	-121.879855481	634
W	37.3371389	-121.8799411	635
W	37.3372072637	-121.879855481	636
W	37.3371389	-121.8799411	637
W	37.3372072637	-121.879855481	638
W	37.3371389	-121.8799411	639
W	37.3372072637	-121.879855481	640
W	37.3371389	-121.8799411	641
W	37.3372072637	-121.879855481	642
W	37.3371389	-121.8799411	643
W	37.3372072637	-121.879855481	644
W	37.3371389	-121.8799411	645
W	37.3372072637	-121.879855481	646
W	37.3371389	-121.8799411	647
W	37.3372072637	-121.879855481	648
W	37.3371389	-121.8799411	649
W	37.3372072637	-121.879855481	650
W	37.3371389	-121.8799411	651
W	37.3372072637	-121.879855481	652
W	37.3371389	-121.8799411	653
W	37.3372072637	-121.879855481	654
W	37.3371389	-121.8799411	655
W	37.3372072637	-121.879855481	656
W	37.3371389	-121.8799411	657
W	37.3372072637	-121.879855481	658
W	37.3371389	-121.8799411	659
W	37.3372072637	-121.879855481	660
W	37.3371389	-121.8799411	661
W	37.3372072637	-121.879855481	662
W	37.3371389	-121.8799411	663
W	37.3372072637	-121.879855481	664
W	37.3371389	-121.8799411	665
W	37.3372072637	-121.879855481	666
W	37.3371389	-121.8799411	667
W	37.3372072637	-121.879855481	668
W	37.3371389	-121.8799411	669
W	37.3372072637	-121.879855481	670
W	37.3371389	-121.8799411	671
W	37.3372072637	-121.879855481	672
W	37.3371389	-121.8799411	673
W	37.3372072637	-121.879855481	674
W	37.3371389	-121.8799411	675
W	37.3372072637	-121.879855481	676
W	37.3371389	-121.8799411	677
W	37.3372072637	-121.879855481	678
W	37.3371389	-121.8799411	679
W	37.3372072637	-121.879855481	680
W	37.3371389	-121.8799411	681
W	37.3372072637	-121.879855481	682
W	37.3371389	-121.8799411	683
W	37.3372072637	-121.879855481	684
W	37.3371389	-121.8799411	685
W	37.3372072637	-121.879855481	686
W	37.3371389	-121.8799411	687
W	37.3372072637	-121.879855481	688
W	37.3371389	-121.8799411	689
W	37.3372072637	-121.879855481	690
W	37.3371389	-121.8799411	691
W	37.3372072637	-121.879855481	692
W	37.3371389	-121.8799411	693
W	37.3372072637	-121.879855481	694
W	37.3371389	-121.8799411	695
W	37.3372072637	-121.879855481	696
W	37.3371389	-121.8799411	697
W	37.3372072637	-121.879855481	698
W	37.3371389	-121.8799411	699
W	37.3372072637	-121.879855481	700
W	37.3371389	-121.8799411	701
W	37.3372072637	-121.879855481	702
W	37.3371389	-121.8799411	703
W	37.3372072637	-121.879855481	704
W	37.3371389	-121.8799411	705
W	37.3372072637	-121.879855481	706
W	37.3371389	-121.8799411	707
W	37.3372072637	-121.879855481	708
W	37.3371389	-121.8799411	709
W	37.3372072637	-121.879855481	710
W	37.3371389	-121.8799411	711
W	37.3372072637	-121.879855481	712
W	37.3371389	-121.8799411	713
W	37.3372072637	-121.879855481	714
W	37.3371389	-121.8799411	715
W	37.3372072637	-121.879855481	716
W	37.3371389	-121.8799411	717
W	37.3372072637	-121.879855481	718
W	37.3371389	-121.8799411	719
W	37.3372072637	-121.879855481	720
W	37.3371389	-121.8799411	721
W	37.3372072637	-121.879855481	722
W	37.3371389	-121.8799411	723
W	37.3372072637	-121.879855481	724
W	37.3371389	-121.8799411	725
W	37.3372072637	-121.879855481	726
W	37.3371389	-121.8799411	727
W	37.3372072637	-121.879855481	728
W	37.3371389	-121.8799411	729
W	37.3372072637	-121.879855481	730
W	37.3371389	-121.8799411	731
W	37.3372072637	-121.879855481	732
W	37.3371389	-121.8799411	733
W	37.3372072637	-121.879855481	734
W	37.3371389	-121.8799411	735
W	37.3372072637	-121.879855481	736
W	37.3371389	-121.8799411	737
W	37.3372072637	-121.879855481	738
W	37.3371389	-121.8799411	739
W	37.3372072637	-121.879855481	740
W	37.3371389	-121.8799411	741
W	37.3372072637	-121.879855481	742
W	37.3371389	-121.8799411	743
W	37.3372072637	-121.879855481	744
W	37.3371389	-121.8799411	745
W	37.3372072637	-121.879855481	746
W	37.3371389	-121.8799411	747
W	37.3372072637	-121.879855481	748
W	37.3371389	-121.8799411	749
W	37.3372072637	-121.879855481	750
W	37.3371389	-121.8799411	751
W	37.3372072637	-121.879855481	752
W	37.3371389	-121.8799411	753
W	37.3372072637	-121.879855481	754
W	37.3371389	-121.8799411	755
W	37.3372072637	-121.879855481	756
W	37.3371389	-121.8799411	757
W	37.3372072637	-121.879855481	758
W	37.3371389	-121.8799411	759
W	37.3372072637	-121.879855481	760
W	37.3371389	-121.8799411	761
W	37.3372072637	-121.879855481	762
W	37.3371389	-121.8799411	763
W	37.3372072637	-121.879855481	764
W	37.3371389	-121.8799411	765
W	37.3372072637	-121.879855481	766
W	37.3371389	-121.8799411	767
W	37.3372072637	-121.879855481	768
W	37.3371389	-121.8799411	769
W	37.3372072637	-121.879855481	770
W	37.3371389	-121.8799411	771
W	37.3372072637	-121.879855481	772
W	37.3371389	-121.8799411	773
W	37.3372072637	-121.879855481	774
W	37.3371389	-121.8799411	775
W	37.3372072637	-121.879855481	776
W	37.3371389	-121.8799411	777
W	37.3372072637	-121.879855481	778
W	37.3371389	-121.8799411	779
W	37.3372072637	-121.879855481	780
W	37.3371389	-121.8799411	781
W	37.3372072637	-121.879855481	782
W	37.3371389	-121.8799411	783
W	37.3372072637	-121.879855481	784
W	37.3371389	-121.8799411	785
W	37.3372072637	-121.879855481	786
W	37.3371389	-121.8799411	787
W	37.3372072637	-121.879855481	788
W	37.3371389	-121.8799411	789
W	37.3372072637	-121.879855481	790
W	37.3371389	-121.8799411	791
W	37.3372072637	-121.879855481	792
W	37.3371389	-121.8799411	793
W	37.3372072637	-121.879855481	794
W	37.3371389	-121.8799411	795
W	37.3372072637	-121.879855481	796
W	37.3371389	-121.8799411	797
W	37.3372072637	-121.879855481	798
W	37.3371389	-121.8799411	799
W	37.3372072637	-121.879855481	800
W	37.3371389	-121.8799411	801
W	37.3372072637	-121.879855481	802
W	37.3371389	-121.8799411	803
W	37.3372072637	-121.879855481	804
W	37.3371389	-121.8799411	805
W	37.3372072637	-121.879855481	806
W	37.3371389	-121.8799411	807
W	37.3372072637	-121.879855481	808
W	37.3371389	-121.8799411	809
W	37.3372072637	-121.879855481	810
W	37.3371389	-121.8799411	811
W	37.3372072637	-121.879855481	812
W	37.3371389	-121.8799411	813
W	37.3372072637	-121.879855481	814
W	37.3371389	-121.8799411	815
W	37.3372072637	-121.879855481	816
W	37.3371389	-121.8799411	817
W	37.3372072637	-121.879855481	818
W	37.3371389	-121.8799411	819
W	37.3372072637	-121.879855481	820
W	37.3371389	-121.8799411	821
W	37.3372072637	-121.879855481	822
W	37.3371389	-121.8799411	823
W	37.3372072637	-121.879855481	824
W	37.3371389	-121.8799411	825
W	37.3372072637	-121.879855481	826
W	37.3371389	-121.8799411	827
W	37.3372072637	-121.879855481	828
W	37.3371389	-121.8799411	829
W	37.3372072637	-121.879855481	830
W	37.3371389	-121.8799411	831
W	37.3372072637	-121.879855481	832
W	37.3371389	-121.8799411	833
W	37.3372072637	-121.879855481	834
W	37.3371389	-121.8799411	835
W	37.3372072637	-121.879855481	836
W	37.3371389	-121.8799411	837
W	37.3372072637	-121.879855481	838
W	37.3371389	-121.8799411	839
W	37.3372072637	-121.879855481	840
W	37.3371389	-121.8799411	841
W	37.3372072637	-121.879855481	842
W	37.3371389	-121.8799411	843
W	37.3372072637	-121.879855481	844
W	37.3371389	-121.8799411	845
W	37.3372072637	-121.879855481	846
W	37.3371389	-121.8799411	847
W	37.3372072637	-121.879855481	848
W	37.3371389	-121.8799411	849
W	37.3372072637	-121.879855481	850
W	37.3371389	-121.8799411	851
W	37.3372072637	-121.879855481	852
W	37.3371389	-121.8799411	853
W	37.3372072637	-121.879855481	854
W	37.3371389	-121.8799411	855
W	37.3372072637	-121.879855481	856
W	37.3371389	-121.8799411	857
W	37.3372072637	-121.879855481	858
W	37.3371389	-121.8799411	859
W	37.3372072637	-121.879855481	860
W	37.3371389	-121.8799411	861
W	37.3372072637	-121.879855481	862
W	37.3371389	-121.8799411	863
W	37.3372072637	-121.879855481	864
W	37.3371389	-121.8799411	865
W	37.3372072637	-121.879855481	866
W	37.3371389	-121.8799411	867
W	37.3372072637	-121.879855481	868
W	37.3371389	-121.8799411	869
W	37.3372072637	-121.879855481	870
W	37.3371389	-121.8799411	871
W	37.3372072637	-121.879855481	872
W	37.3371389	-121.8799411	873
W	37.3372072637	-121.879855481	874
W	37.3371389	-121.8799411	875
W	37.3372072637	-121.879855481	876
W	37.3371389	-121.8799411	877
W	37.3372072637	-121.879855481	878
W	37.3371389	-121.8799411	879
W	37.3372072637	-121.879855481	880
W	37.3371389	-121.8799411	881
W	37.3372072637	-121.879855481	882
W	37.3371389	-121.8799411	883
W	37.3372072637	-121.879855481	884
W	37.3371389	-121.8799411	885
W	37.3372072637	-121.879855481	886
W	37.3371389	-121.8799411	887
W	37.3372072637	-121.879855481	888
W	37.3371389	-121.8799411	889
W	37.3372072637	-121.879855481	890
W	37.3371389	-121.8799411	891
W	37.3372072637	-121.879855481	892
W	37.3371389	-121.8799411	893
W	37.3372072637	-121.879855481	894
W	37.3371389	-121.8799411	895
W	37.3372072637	-121.879855481	896
W	37.3371389	-121.8799411	897
W	37.3372072637	-121.879855481	898
W	37.3371389	-121.8799411	899
W	37.3372072637	-121.879855481	900
W	37.3371389	-121.8799411	901
W	37.3372072637	-121.879855481	902
W	37.3371389	-121.8799411	903
W	37.3372072637	-121.879855481	904
W	37.3371389	-121.8799411	905
W	37.3372072637	-121.879855481	906
W	37.3371389	-121.8799411	907
W	37.3372072637	-121.879855481	908
W	37.3371389	-121.8799411	909
W	37.3372072637	-121.879855481	910
W	37.3371389	-121.8799411	911
W	37.3372072637	-121.879855481	912
W	37.3371389	-121.8799411	913
W	37.3372072637	-121.879855481	914
W	37.3371389	-121.8799411	915
W	37.3372072637	-121.879855481	916
W	37.3371389	-121.8799411	917
W	37.3372072637	-121.879855481	918
W	37.3371389	-121.8799411	919
W	37.3372072637	-121.879855481	920
W	37.3371389	-121.8799411	921
W	37.3372072637	-121.879855481	922
W	37.3371389	-121.8799411	923
W	37.3372072637	-121.879855481	924
W	37.3371389	-121.8799411	925
W	37.3372072637	-121.879855481	926
W	37.3371389	-121.8799411	927
W	37.3372072637	-121.879855481	928
W	37.3371389	-121.8799411	929
W	37.3372072637	-121.879855481	930
W	37.3371389	-121.8799411	931
W	37.3372072637	-121.879855481	932
W	37.3371389	-121.8799411	933
W	37.3372072637	-121.879855481	934
W	37.3371389	-121.8799411	935
W	37.3372072637	-121.879855481	936
W	37.3371389	-121.8799411	937
W	37.3372072637	-121.879855481	938
W	37.3371389	-121.8799411	939
W	37.3372072637	-121.879855481	940
W	37.3371389	-121.8799411	941
W	37.3372072637	-121.879855481	942
W	37.3371389	-121.8799411	943
W	37.3372072637	-121.879855481	944
W	37.3371389	-121.8799411	945
W	37.3372072637	-121.879855481	946
W	37.3371389	-121.8799411	947
W	37.3372072637	-121.879855481	948
W	37.3371389	-121.8799411	949
W	37.3372072637	-121.879855481	950
W	37.3371389	-121.8799411	951
W	37.3372072637	-121.879855481	952
W	37.3371389	-121.8799411	953
W	37.3372072637	-121.879855481	954
W	37.3371389	-121.8799411	955
W	37.3372072637	-121.879855481	956
W	37.3371389	-121.8799411	957
W	37.3372072637	-121.879855481	958
W	37.3371389	-121.8799411	959
W	37.3372072637	-121.879855481	960
W	37.3371389	-121.8799411	961
W	37.3372072637	-121.879855481	962
W	37.3371389	-121.8799411	963
W	37.3372072637	-121.879855481	964
W	37.3371389	-121.8799411	965
W	37.3372072637	-121.879855481	966
W	37.3371389	-121.8799411	967
W	37.3372072637	-121.879855481	968
W	37.3371389	-121.8799411	969
W	37.3372072637	-121.879855481	970
W	37.3371389	-121.8799411	971
W	37.3372072637	-121.879855481	972
W	37.3371389	-121.8799411	973
W	37.3372072637	-121.879855481	974
W	37.3371389	-121.8799411	975
W	37.3372072637	-121.879855481	976
W	37.3371389	-121.8799411	977
W	37.3372072637	-121.879855481	978
W	37.3371389	-121.8799411	979
W	37.3372072637	-121.879855481	980
W	37.3371389	-121.8799411	981
W	37.3372072637	-121.879855481	982
W	37.3371389	-121.8799411	983
W	37.3372072637	-121.879855481	984
W	37.3371389	-121.8799411	985
W	37.3372072637	-121.879855481	986
W	37.3371389	-121.8799411	987
W	37.3372072637	-121.879855481	988
W	37.3371389	-121.8799411	989
W	37.3372072637	-121.879855481	990
W	37.3371389	-121.8799411	991
W	37.3372072637	-121.879855481	992
W	37.3371389	-121.8799411	993
W	37.3372072637	-121.879855481	994
W	37.3371389	-121.8799411	995
W	37.3372072637	-121.879855481	996
W	37.3371389	-121.8799411	997
W	37.3372072637	-121.879855481	998
W	37.3371389	-121.8799411	999
W	37.3372072637	-121.879855481	1000
W	37.3371389	-121.8799411	1001
W	37.3372072637	-121.879855481	1002
W	37.3371389	-121.8799411	1003
W	37.3372072637	-121.879855481	1004
W	37.3371389	-121.8799411	1005
W	37.3372072637	-121.879855481	1006
W	37.3371389	-121.8799411	1007
W	37.3372072637	-121.879855481	1008
W	37.3371389	-121.8799411	1009
W	37.3372072637	-121.879855481	1010
W	37.3371389	-121.8799411	1011
W	37.3372072637	-121.879855481	1012
W	37.3371389	-121.8799411	1013
W	37.3372072637	-121.879855481	1014
W	37.3371389	-121.8799411	1015
W	37.3372072637	-121.879855481	1016
W	37.3371389	-121.8799411	1017
W	37.3372072637	-121.879855481	1018
W	37.3371389	-121.8799411	1019
W	37.3372072637	-121.879855481	1020
W	37.3371389	-121.8799411	1021
W	37.3372072637	-121.879855481	1022
W	37.3371389	-121.8799411	1023
W	37.3372072637	-121.879855481	1024
W	37.3371389	-121.8799411	1025
W	37.3372072637	-121.879855481	1026
W	37.3371389	-121.8799411	1027
W	37.3372072637	-121.879855481	1028
W	37.3371389	-121.8799411	1029
W	37.3372072637	-121.879855481	1030
W	37.3371389	-121.8799411	1031
W	37.3372072637	-121.879855481	1032
W	37.3371389	-121.8799411	1033
W	37.3372072637	-121.879855481	1034
W	37.3371389	-121.8799411	1035
W	37.3372072637	-121.879855481	1036
W	37.3371389	-121.8799411	1037
W	37.3372072637	-121.879855481	1038
W	37.3371389	-121.8799411	1039
W	37.3372072637	-121.879855481	1040
W	37.3371389	-121.8799411	1041
W	37.3372072637	-121.879855481	1042
W	37.3371389	-121.8799411	1043
W	37.3372072637	-121.879855481	1044
W	37.3371389	-121.8799411	1045
W	37.3372072637	-121.879855481	1046
W	37.3371389	-121.8799411	1047
W	37.3372072637	-121.879855481	1048
W	37.3371389	-121.8799411	1049
W	37.3372072637	-121.879855481	1050
W	37.3371389	-121.8799411	1051
W	37.3372072637	-121.879855481	1052
W	37.3371389	-121.8799411	1053
W	37.3372072637	-121.879855481	1054
W	37.3371389	-121.8799411	1055
W	37.3372072637	-121.879855481	1056
W	37.3371389	-121.8799411	1057
W	37.3372072637	-121.879855481	1058
W	37.3371389	-121.8799411	1059
W	37.3372072637	-121.879855481	1060
W	37.3371389	-121.8799411	1061
W	37.3372072637	-121.879855481	1062
W	37.3371389	-121.8799411	1063
W	37.3372072637	-121.879855481	1064
W	37.3371389	-121.8799411	1065
W	37.3372072637	-121.879855481	1066
W	37.3371389	-121.8799411	1067
W	37.3372072637	-121.879855481	1068
W	37.3371389	-121.8799411	1069
W	37.3372072637	-121.879855481	1070
W	37.3371389	-121.8799411	1071
W	37.3372072637	-121.879855481	1072
W	37.3371389	-121.8799411	1073
W	37.3372072637	-121.879855481	1074
W	37.3371389	-121.8799411	1075
W	37.3372072637	-121.879855481	1076
W	37.3371389	-121.8799411	1077
W	37.3372072637	-121.879855481	1078
W	37.3371389	-121.8799411	1079
W	37.3372072637	-121.879855481	1080
W	37.3371389	-121.8799411	1081
W	37.3372072637	-121.879855481	1082
W	37.3371389	-121.8799411	1083
W	37.3372072637	-121.879855481	1084
W	37.3371389	-121.8799411	1085
W	37.3372072637	-121.879855481	1086
W	37.3371389	-121.8799411	1087
W	37.3372072637	-121.879855481	1088
W	37.3371389	-121.8799411	1089
W	37.3372072637	-121.879855481	1090
W	37.3371389	-121.8799411	1091
W	37.3372072637	-121.879855481	1092
W	37.3371389	-121.8799411	1093
W	37.3372072637	-121.879855481	1094
W	37.3371389	-121.8799411	1095
W	37.3372072637	-121.879855481	1096
W	37.3371389	-121.8799411	1097
W	37.3372072637	-121.879855481	1098
W	37.3371389	-121.8799411	1099
W	37.3372072637	-121.879855481	1100
W	37.3371389	-121.8799411	1101
W	37.3372072637	-121.879855481	1102
W	37.3371389	-121.8799411	1103
W	37.3372072637	-121.879855481	1104
W	37.3371389	-121.8799411	1105
W	37.3372072637	-121.879855481	1106
W	37.3371389	-121.8799411	1107
W	37.3372072637	-121.879855481	1108
W	37.3371389	-121.8799411	1109
W	37.3372072637	-121.879855481	1110
W	37.3371389	-121.8799411	1111
W	37.3372072637	-121.879855481	1112
W	37.3371389	-121.8799411	1113
W	37.3372072637	-121.879855481	1114
W	37.3371389	-121.8799411	1115
W	37.3372072637	-121.879855481	1116
W	37.3371389	-121.8799411	1117
W	37.3372072637	-121.879855481	1118
W	37.3371389	-121.8799411	1119
W	37.3372072637	-121.879855481	1120
W	37.3371389	-121.8799411	1121
W	37.3372072637	-121.879855481	1122
W	37.3371389	-121.8799411	1123
W	37.3372072637	-121.879855481	1124
W	37.3371389	-121.8799411	1125
W	37.3372072637	-121.879855481	1126
W	37.3371389	-121.8799411	1127
W	37.3372072637	-121.879855481	1128
W	37.3371389	-121.8799411	1129
W	37.3372072637	-121.879855481	1130
W	37.3371389	-121.8799411	1131
W	37.3372072637	-121.879855481	1132
W	37.3371389	-121.8799411	1133
W	37.3372072637	-121.879855481	1134
W	37.3371389	-121.8799411	1135
W	37.3372072637	-121.879855481	1136
W	37.3371389	-121.8799411	1137
W	37.3372072637	-121.879855481	1138
W	37.3371389	-121.8799411	1139
W	37.3372072637	-121.879855481	1140
W	37.3371389	-121.8799411	1141
W	37.3372072637	-121.879855481	1142
W	37.3371389	-121.8799411	1143
W	37.3372072637	-121.879855481	1144
W	37.3371389	-121.8799411	1145
W	37.3372072637	-121.879855481	1146
W	37.3371389	-121.8799411	1147
W	37.3372072637	-121.879855481	1148
W	37.3371389	-121.8799411	1149
W	37.3372072637	-121.879855481	1150
W	37.3371389	-121.8799411	1151
W	37.3372072637	-121.879855481	1152
W	37.3371389	-121.8799411	1153
W	37.3372072637	-121.879855481	1154
W	37.3371389	-121.8799411	1155
W	37.3372072637	-121.879855481	1156
W	37.3371389	-121.8799411	1157
W	37.3372072637	-121.879855481	1158
W	37.3371389	-121.8799411	1159
W	37.3372072637	-121.879855481	1160
W	37.3371389	-121.8799411	1161
W	37.3372072637	-121.879855481	1162
W	37.3371389	-121.8799411	1163
W	37.3372072637	-121.879855481	1164
W	37.3371389	-121.8799411	1165
W	37.3372072637	-121.879855481	1166
W	37.3371389	-121.8799411	1167
W	37.3372072637	-121.879855481	1168
W	37.3371389	-121.8799411	1169
W	37.3372072637	-121.879855481	1170
W	37.3371389	-121.8799411	1171
W	37.3372072637	-121.879855481	1172
W	37.3371389	-121.8799411	1173
W	37.3372072637	-121.879855481	1174
W	37.3371389	-121.8799411	1175
W	37.3372072637	-121.879855481	1176
W	37.3371389	-121.8799411	1177
W	37.3372072637	-121.879855481	1178
W	37.3371389	-121.8799411	1179
W	37.3372072637	-121.879855481	1180
W	37.3371389	-121.8799411	1181
W	37.3372072637	-121.879855481	1182
W	37.3371389	-121.8799411	1183
W	37.3372072637	-121.879855481	1184
W	37.3371389	-121.8799411	1185
W	37.3372072637	-121.879855481	1186
W	37.3371389	-121.8799411	1187
W	37.3372072637	-121.879855481	1188
W	37.3371389	-121.8799411	1189
W	37.3372072637	-121.879855481	1190
W	37.3371389	-121.8799411	1191
W	37.3372072637	-121.879855481	1192
W	37.3371389	-121.8799411	1193
W	37.3372072637	-121.879855481	1194
W	37.3371389	-121.8799411	1195
W	37.3372072637	-121.879855481	1196
W	37.3371389	-121.8799411	1197
W	37.3372072637	-121.879855481	1198
W	37.3371389	-121.8799411	1199
W	37.3372072637	-121.879855481	1200
W	37.3371389	-121.8799411	1201
W	37.3372072637	-121.879855481	1202
W	37.3371389	-121.8799411	1203
W	37.3372072637	-121.879855481	1204
W	37.3371389	-121.8799411	1205
W	37.3372072637	-121.879855481	1206
W	37.3371389	-121.8799411	1207
W	37.3372072637	-121.879855481	1208
W	37.3371389	-121.8799411	1209
W	37.3372072637	-121.879855481	1210
W	37.3371389	-121.8799411	1211
W	37.3372072637	-121.879855481	1212
W	37.3371389	-121.8799411	1213
W	37.3372072637	-121.879855481	1214
W	37.3371389	-121.8799411	1215
W	37.3372072637	-121.879855481	1216
W	37.3371389	-121.8799411	1217
W	37.3372072637	-121.879855481	1218
W	37.3371389	-121.8799411	1219
W	37.3372072637	-121.879855481	1220
W	37.3371389	-121.8799411	1221
W	37.3372072637	-121.879855481	1222
W	37.3371389	-121.8799411	1223
W	37.3372072637	-121.879855481	1224
W	37.3371389	-121.8799411	1225
W	37.3372072637	-121.879855481	1226
W	37.3371389	-121.8799411	1227
W	37.3372072637	-121.879855481	1228
W	37.3371389	-121.8799411	1229
W	37.3372072637	-121.879855481	1230
W	37.3371389	-121.8799411	1231
W	37.3372072637	-121.879855481	1232
W	37.3371389	-121.8799411	1233
W	37.3372072637	-121.879855481	1234
W	37.3371389	-121.8799411	1235
W	37.3372072637	-121.879855481	1236
W	37.3371389	-121.8799411	1237
W	37.3372072637	-121.879855481	1238
W	37.3371389	-121.8799411	1239
W	37.3372072637	-121.879855481	1240
W	37.3371389	-121.8799411	1241
W	37.3372072637	-121.879855481	1242
W	37.3371389	-121.8799411	1243
W	37.3372072637	-121.879855481	1244
W	37.3371389	-121.8799411	1245
W	37.3372072637	-121.879855481	1246
W	37.3371389	-121.8799411	1247
W	37.3372072637	-121.879855481	1248
W	37.3371389	-121.8799411	1249
W	37.3372072637	-121.879855481	1250
W	37.3371389	-121.8799411	1251
W	37.3372072637	-121.879855481	1252
W	37.3371389	-121.8799411	1253
W	37.3372072637	-121.879855481	1254
W	37.3371389	-121.8799411	1255
W	37.3372072637	-121.879855481	1256
W	37.3371389	-121.8799411	1257
W	37.3372072637	-121.879855481	1258
W	37.3371389	-121.8799411	1259
W	37.3372072637	-121.879855481	1260
W	37.3371389	-121.8799411	1261
W	37.3372072637	-121.879855481	1262
W	37.3371389	-121.8799411	1263
W	37.3372072637	-121.879855481	1264
W	37.3371389	-121.8799411	1265
W	37.3372072637	-121.879855481	1266
W	37.3371389	-121.8799411	1267
W	37.3372072637	-121.879855481	1268
W	37.3371389	-121.8799411	1269
W	37.3372072637	-121.879855481	1270
W	37.3371389	-121.8799411	1271
W	37.3372072637	-121.879855481	1272
W	37.3371389	-121.8799411	1273
W	37.3372072637	-121.879855481	1274
W	37.3371389	-121.8799411	1275
W	37.3372072637	-121.879855481	1276
W	37.3371389	-121.8799411	1277
W	37.3372072637	-121.879855481	1278
W	37.3371389	-121.8799411	1279
W	37.3372072637	-121.879855481	1280
W	37.3371389	-121.8799411	1281
W	37.3372072637	-121.879855481	1282
W	37.3371389	-121.8799411	1283
W	37.3372072637	-121.879855481	1284
W	37.3371389	-121.8799411	1285
W	37.3372072637	-121.879855481	1286
W	37.3371389	-121.8799411	1287
W	37.3372072637	-121.879855481	1288
W	37.3371389	-121.8799411	1289
W	37.3372072637	-121.879855481	1290
W	37.3371389	-121.8799411	1291
W	37.3372072637	-121.879855481	1292
W	37.3371389	-121.8799411	1293
W	37.3372072637	-121.879855481	1294
W	37.3371389	-121.8799411	1295
W	37.3372072637	-121.879855481	1296
W	37.3371389	-121.8799411	1297
W	37.3372072637	-121.879855481	1298
W	37.3371389	-121.8799411	1299
W	37.3372072637	-121.879855481	1300
W	37.3371389	-121.8799411	1301
W	37.3372072637	-121.879855481	1302
W	37.3371389	-121.8799411	1303
W	37.3372072637	-121.879855481	1304
W	37.3371389	-121.8799411	1305
W	37.3372072637	-121.879855481	1306
W	37.3371389	-121.8799411	1307
W	37.3372072637	-121.879855481	1308
W	37.3371389	-121.8799411	1309
W	37.3372072637	-121.879855481	1310
W	37.3371389	-121.8799411	1311
W	37.3372072637	-121.879855481	1312
W	37.3371389	-121.8799411	1313
W	37.3372072637	-121.879855481	1314
W	37.3371389	-121.8799411	1315
W	37.3372072637	-121.879855481	1316
W	37.3371389	-121.8799411	1317
W	37.3372072637	-121.879855481	1318
W	37.3371389	-121.8799411	1319
W	37.3372072637	-121.879855481	1320
W	37.3371389	-121.8799411	1321
W	37.3372072637	-121.879855481	1322
W	37.3371389	-121.8799411	1323
W	37.3372072637	-121.879855481	1324
W	37.3371389	-121.8799411	1325
W	37.3372072637	-121.879855481	1326
W	37.3371389	-121.8799411	1327
W	37.3372072637	-121.879855481	1328
W	37.3371389	-121.8799411	1329
W	37.3372072637	-121.879855481	1330
W	37.3371389	-121.8799411	1331
W	37.3372072637	-121.879855481	1332
W	37.3371389	-121.8799411	1333
W	37.3372072637	-121.879855481	1334
W	37.3371389	-121.8799411	1335
W	37.3372072637	-121.879855481	1336
W	37.3371389	-121.8799411	1337
W	37.3372072637	-121.879855481	1338
W	37.3371389	-121.8799411	1339
W	37.3372072637	-121.879855481	1340
W	37.3371389	-121.8799411	1341
W	37.3372072637	-121.879855481	1342
W	37.3371389	-121.8799411	1343
W	37.3372072637	-121.879855481	1344
W	37.3371389	-121.8799411	1345
W	37.3372072637	-121.879855481	1346
W	37.3371389	-121.8799411	1347
W	37.3372072637	-121.879855481	1348
W	37.3371389	-121.8799411	1349
W	37.3372072637	-121.879855481	1350
W	37.3371389	-121.8799411	1351
W	37.3372072637	-121.879855481	1352
W	37.3371389	-121.8799411	1353
W	37.3372072637	-121.879855481	1354
W	37.3371389	-121.8799411	1355
W	37.3372072637	-121.879855481	1356
W	37.3371389	-121.8799411	1357
W	37.3372072637	-121.879855481	1358
W	37.3371389	-121.8799411	1359
W	37.3372072637	-121.879855481	1360
W	37.3371389	-121.8799411	1361
W	37.3372072637	-121.879855481	1362
W	37.3371389	-121.8799411	1363
W	37.3372072637	-121.879855481	1364
W	37.3371389	-121.8799411	1365
W	37.3372072637	-121.879855481	1366
W	37.3371389	-121.8799411	1367
W	37.3372072637	-121.879855481	1368
W	37.3371389	-121.8799411	1369
W	37.3372072637	-121.879855481	1370
W	37.3371389	-121.8799411	1371
W	37.3372072637	-121.879855481	1372
W	37.3371389	-121.8799411	1373
W	37.3372072637	-121.879855481	1374
W	37.3371389	-121.8799411	1375
W	37.3372072637	-121.879855481	1376
W	37.3371389	-121.8799411	1377
W	37.3372072637	-121.879855481	1378
W	37.3371389	-121.8799411	1379
W	37.3372072637	-121.879855481	1380
W	37.3371389	-121.8799411	1381
W	37.3372072637	-121.879855481	1382
W	37.3371389	-121.8799411	1383
W	37.3372072637	-121.879855481	1384
W	37.3371389	-121.8799411	1385
W	37.3372072637	-121.879855481	1386
W	37.3371389	-121.8799411	1387
W	37.3372072637	-121.879855481	1388
W	37.3371389	-121.8799411	1389
W	37.3372072637	-121.879855481	1390
W	37.3371389	-121.8799411	1391
W	37.3372072637	-121.879855481	1392
W	37.3371389	-121.8799411	1393
W	37.3372072637	-121.879855481	1394
W	37.3371389	-121.8799411	1395
W	37.3372072637	-121.879855481	1396
W	37.3371389	-121.8799411	1397
W	37.3372072637	-121.879855481	1398
W	37.3371389	-121.8799411	1399
W	37.3372072637	-121.879855481	1400
W	37.3371389	-121.8799411	1401
W	37.3372072637	-121.879855481	1402
W	37.3371389	-121.8799411	1403
W	37.3372072637	-121.879855481	1404
W	37.3371389	-121.8799411	1405
W	37.3372072637	-121.879855481	1406
W	37.3371389	-121.8799411	1407
W	37.3372072637	-121.879855481	1408
W	37.3371389	-121.8799411	1409
W	37.3372072637	-121.879855481	1410
W	37.3371389	-121.8799411	1411
W	37.3372072637	-121.879855481	1412
W	37.3371389	-121.8799411	1413
W	37.3372072637	-121.879855481	1414
W	37.3371389	-121.8799411	1415
W	37.3372072637	-121.879855481	1416
W	37.3371389	-121.8799411	1417
W	37.3372072637	-121.879855481	1418
W	37.3371389	-121.8799411	1419
W	37.3372072637	-121.879855481	1420
W	37.3371389	-121.8799411	1421
W	37.3372072637	-121.879855481	1422
W	37.3371389	-121.8799411	1423
W	37.3372072637	-121.879855481	1424
W	37.3371389	-121.8799411	1425
W	37.3372072637	-121.879855481	1426
W	37.3371389	-121.8799411	1427
W	37.3372072637	-121.879855481	1428
W	37.3371389	-121.8799411	1429
W	37.3372072637	-121.879855481	1430
W	37.3371389	-121.8799411	1431
W	37.3372072637	-121.879855481	1432
W	37.3371389	-121.8799411	1433
W	37.3372072637	-121.879855481	1434
W	37.3371389	-121.8799411	1435
W	37.3372072637	-121.879855481	1436
W	37.3371389	-121.8799411	1437
W	37.3372072637	-121.879855481	1438
W	37.3371389	-121.8799411	1439
W	37.3372072637	-121.879855481	1440
W	37.3371389	-121.8799411	1441
W	37.3372072637	-121.879855481	1442
W	37.3371389	-121.8799411	1443
W	37.3372072637	-121.879855481	1444
W	37.3371389	-121.8799411	1445
W	37.3372072637	-121.879855481	1446
W	37.3371389	-121.8799411	1447
W	37.3372072637	-121.879855481	1448
W	37.3371389	-121.8799411	1449
W	37.3372072637	-121.879855481	1450
W	37.3371389	-121.8799411	1451
W	37.3372072637	-121.879855481	1452
W	37.3371389	-121.8799411	1453
W	37.3372072637	-121.879855481	1454
W	37.3371389	-121.8799411	1455
W	37.3372072637	-121.879855481	1456
W	37.3371389	-121.8799411	1457
W	37.3372072637	-121.879855481	1458
W	37.3371389	-121.8799411	1459
W	37.3372072637	-121.879855481	1460
W	37.3371389	-121.8799411	1461
W	37.3372072637	-121.879855481	1462
W	37.3371389	-121.8799411	1463
W	37.3372072637	-121.879855481	1464
W	37.3371389	-121.8799411	1465
W	37.3372072637	-121.879855481	1466
W	37.3371389	-121.8799411	1467
W	37.3372072637	-121.879855481	1468
W	37.3371389	-121.8799411	1469
W	37.3372072637	-121.879855481	1470
W	37.3371389	-121.8799411	1471
W	37.3372072637	-121.879855481	1472
W	37.3371389	-121.8799411	1473
W	37.3372072637	-121.879855481	1474
W	37.3371389	-121.8799411	1475
W	37.3372072637	-121.879855481	1476
W	37.3371389	-121.8799411	1477
W	37.3372072637	-121.879855481	1478
W	37.3371389	-121.8799411	1479
W	37.3372072637	-121.879855481	1480
W	37.3371389	-121.8799411	1481
W	37.3372072637	-121.879855481	1482
W	37.3371389	-121.8799411	1483
W	37.3372072637	-121.879855481	1484
W	37.3371389	-121.8799411	1485
W	37.3372072637	-121.879855481	1486
W	37.3371389	-121.8799411	1487
W	37.3372072637	-121.879855481	1488
W	37.3371389	-121.8799411	1489
W	37.3372072637	-121.879855481	1490
W	37.3371389	-121.8799411	1491
W	37.3372072637	-121.879855481	1492
W	37.3371389	-121.8799411	1493
W	37.3372072637	-121.879855481	1494
W	37.3371389	-121.8799411	1495
W	37.3372072637	-121.879855481	1496
W	37.3371389	-121.8799411	1497
W	37.3372072637	-121.879855481	1498
W	37.3371389	-121.8799411	1499
W	37.3372072637	-121.879855481	1500
W	37.3371389	-121.8799411	1501
W	37.3372072637	-121.879855481	1502
W	37.3371389	-121.8799411	1503
W	37.3372072637	-121.879855481	1504
W	37.3371389	-121.8799411	1505
W	37.3372072637	-121.879855481	1506
W	37.3371389	-121.8799411	1507
W	37.3372072637	-121.879855481	1508
W	37.3371389	-121.8799411	1509
W	37.3372072637	-121.879855481	1510
W	37.3371389	-121.8799411	1511
W	37.3372072637	-121.879855481	1512
W	37.3371389	-121.8799411	1513
W	37.3372072637	-121.879855481	1514
W	37.3371389	-121.8799411	1515
W	37.3372072637	-121.879855481	1516
W	37.3371389	-121.8799411	1517
W	37.3372072637	-121.879855481	1518
W	37.3371389	-121.8799411	1519
W	37.3372072637	-121.879855481	1520
W	37.3371389	-121.8799411	1521
W	37.3372072637	-121.879855481	1522
W	37.3371389	-121.8799411	1523
W	37.3372072637	-121.879855481	1524
W	37.3371389	-121.8799411	1525
W	37.3372072637	-121.879855481	1526
W	37.3371389	-121.8799411	1527
W	37.3372072637	-121.879855481	1528
W	37.3371389	-121.8799411	1529
W	37.3372072637	-121.879855481	1530
W	37.3371389	-121.8799411	1531
W	37.3372072637	-121.879855481	1532
W	37.3371389	-121.8799411	1533
W	37.3372072637	-121.879855481	1534
W	37.3371389	-121.8799411	1535
W	37.3372072637	-121.879855481	1536
W	37.3371389	-121.8799411	1537
W	37.3372072637	-121.879855481	1538
W	37.3371389	-121.8799411	1539
W	37.3372072637	-121.879855481	1540
W	37.3371389	-121.8799411	1541
W	37.3372072637	-121.879855481	1542
W	37.3371389	-121.8799411	1543
W	37.3372072637	-121.879855481	1544
W	37.3371389	-121.8799411	1545
W	37.3372072637	-121.879855481	1546
W	37.3371389	-121.8799411	1547
W	37.3372072637	-121.879855481	1548
W	37.3371389	-121.8799411	1549
W	37.3372072637	-121.879855481	1550
W	37.3371389	-121.8799411	1551
W	37.3372072637	-121.879855481	1552
W	37.3371389	-121.8799411	1553
W	37.3372072637	-121.879855481	1554
W	37.3371389	-121.8799411	1555
W	37.3372072637	-121.879855481	1556
W	37.3371389	-121.8799411	1557
W	37.3372072637	-121.879855481	1558
W	37.3371389	-121.8799411	1559
W	37.3372072637	-121.879855481	1560
W	37.3371389	-121.8799411	1561
W	37.3372072637	-121.879855481	1562
W	37.3371389	-121.8799411	1563
W	37.3372072637	-121.879855481	1564
W	37.3371389	-121.8799411	1565
W	37.3372072637	-121.879855481	1566
W	37.3371389	-121.8799411	1567
W	37.3372072637	-121.879855481	1568
W	37.3371389	-121.8799411	1569
W	37.3372072637	-121.879855481	1570
W	37.3371389	-121.8799411	1571
W	37.3372072637	-121.879855481	1572
W	37.3371389	-121.8799411	1573
W	37.3372072637	-121.879855481	1574
W	37.3371389	-121.8799411	1575
W	37.3372072637	-121.879855481	1576
W	37.3371389	-121.8799411	1577
W	37.3372072637	-121.879855481	1578
W	37.3371389	-121.8799411	1579
W	37.3372072637	-121.879855481	1580
W	37.3371389	-121.8799411	1581
W	37.3372072637	-121.879855481	1582
W	37.3371389	-121.8799411	1583
W	37.3372072637	-121.879855481	1584
W	37.3371389	-121.8799411	1585
W	37.3372072637	-121.879855481	1586
W	37.3371389	-121.8799411	1587
W	37.3372072637	-121.879855481	1588
W	37.3371389	-121.8799411	1589
W	37.3372072637	-121.879855481	1590
W	37.3371389	-121.8799411	1591
W	37.3372072637	-121.879855481	1592
W	37.3371389	-121.8799411	1593
W	37.3372072637	-121.879855481	1594
W	37.3371389	-121.8799411	1595
W	37.3372072637	-121.879855481	1596
W	37.3371389	-121.8799411	1597
W	37.3372072637	-121.879855481	1598
W	37.3371389	-121.8799411	1599
W	37.3372072637	-121.879855481	1600
W	37.3371389	-121.8799411	1601
W	37.3372072637	-121.879855481	1602
W	37.3371389	-121.8799411	1603
W	37.3372072637	-121.879855481	1604
W	37.3371389	-121.8799411	1605
W	37.3372072637	-121.879855481	1606
W	37.3371389	-121.8799411	1607
W	37.3372072637	-121.879855481	1608
W	37.3371389	-121.8799411	1609
W	37.3372072637	-121.879855481	1610
W	37.3371389	-121.8799411	1611
W	37.3372072637	-121.879855481	1612
W	37.3371389	-121.8799411	1613
W	37.3372072637	-121.879855481	1614
W	37.3371389	-121.8799411	1615
W	37.3372072637	-121.879855481	1616
W	37.3371389	-121.8799411	1617
W	37.3372072637	-121.879855481	1618
W	37.3371389	-121.8799411	1619
W	37.3372072637	-121.879855481	1620
W	37.3371389	-121.8799411	1621
W	37.3372072637	-121.879855481	1622
W	37.3371389	-121.8799411	1623
W	37.3372072637	-121.879855481	1624
W	37.3371389	-121.8799411	1625
W	37.3372072637	-121.879855481	1626
W	37.3371389	-121.8799411	1627
W	37.3372072637	-121.879855481	1628
W	37.3371389	-121.8799411	1629
W	37.3372072637	-121.879855481	1630
W	37.3371389	-121.8799411	1631
W	37.3372072637	-121.879855481	1632
W	37.3371389	-121.8799411	1633
W	37.3372072637	-121.879855481	1634
W	37.3371389	-121.8799411	1635
W	37.3372072637	-121.879855481	1636
W	37.3371389	-121.8799411	1637
W	37.3372072637	-121.879855481	1638
W	37.3371389	-121.8799411	1639
W	37.3372072637	-121.879855481	1640
W	37.3371389	-121.8799411	1641
W	37.3372072637	-121.879855481	1642
W	37.3371389	-121.8799411	1643
W	37.3372072637	-121.879855481	1644
W	37.3371389	-121.8799411	1645
W	37.3372072637	-121.879855481	1646
W	37.3371389	-121.8799411	1647
W	37.3372072637	-121.879855481	1648
W	37.3371389	-121.8799411	1649
W	37.3372072637	-121.879855481	1650
W	37.3371389	-121.8799411	1651
W	37.3372072637	-121.879855481	1652
W	37.3371389	-121.8799411	1653
W	37.3372072637	-121.879855481	1654
W	37.3371389	-121.8799411	1655
W	37.3372072637	-121.879855481	1656
W	37.3371389	-121.8799411	1657
W	37.3372072637	-121.879855481	1658
W	37.3371389	-121.8799411	1659
W	37.3372072637	-121.879855481	1660
W	37.3371389	-121.8799411	1661
W	37.3372072637	-121.879855481	1662
W	37.3371389	-121.8799411	1663
W	37.3372072637	-121.879855481	1664
W	37.3371389	-121.8799411	1665
W	37.3372072637	-121.879855481	1666
W	37.3371389	-121.8799411	1667
W	37.3372072637	-121.879855481	1668
W	37.3371389	-121.8799411	1669
W	37.3372072637	-121.879855481	1670
W	37.3371389	-121.8799411	1671
W	37.3372072637	-121.879855481	1672
W	37.3371389	-121.8799411	1673
W	37.3372072637	-121.879855481	1674
W	37.3371389	-121.8799411	1675
W	37.3372072637	-121.879855481	1676
W	37.3371389	-121.8799411	1677
W	37.3372072637	-121.879855481	1678
W	37.3371389	-121.8799411	1679
W	37.3372072637	-121.879855481	1680
W	37.3371389	-121.8799411	1681
W	37.3372072637	-121.879855481	1682
W	37.3371389	-121.8799411	1683
W	37.3372072637	-121.879855481	1684
W	37.3371389	-121.8799411	1685
W	37.3372072637	-121.879855481	1686
W	37.3371389	-121.8799411	1687
W	37.3372072637	-121.879855481	1688
W	37.3371389	-121.8799411	1689
W	37.3372072637	-121.879855481	1690
W	37.3371389	-121.8799411	1691
W	37.3372072637	-121.879855481	1692
W	37.3371389	-121.8799411	1693
W	37.3372072637	-121.879855481	1694
W	37.3371389	-121.8799411	1695
W	37.3372072637	-121.879855481	1696
W	37.3371389	-121.8799411	1697
W	37.3372072637	-121.879855481	1698
W	37.3371389	-121.8799411	1699
W	37.3372072637	-121.879855481	1700
W	37.3371389	-121.8799411	1701
W	37.3372072637	-121.879855481	1702
W	37.3371389	-121.8799411	1703
W	37.3372072637	-121.879855481	1704
W	37.3371389	-121.8799411	1705
W	37.3372072637	-121.879855481	1706
W	37.3371389	-121.8799411	1707
W	37.3372072637	-121.879855481	1708
W	37.3371389	-121.8799411	1709
W	37.3372072637	-121.879855481	1710
W	37.3371389	-121.8799411	1711
W	37.3372072637	-121.879855481	1712
W	37.3371389	-121.8799411	1713
W	37.3372072637	-121.879855481	1714
W	37.3371389	-121.8799411	1715
W	37.3372072637	-121.879855481	1716
W	37.3371389	-121.8799411	1717
W	37.3372072637	-121.879855481	1718
W	37.3371389	-121.8799411	1719
W	37.3372072637	-121.879855481	1720
W	37.3371389	-121.8799411	1721
W	37.3372072637	-121.879855481	1722
W	37.3371389	-121.8799411	1723
W	37.3372072637	-121.879855481	1724
W	37.3371389	-121.8799411	1725
W	37.3372072637	-121.879855481	1726
W	37.3371389	-121.8799411	1727
W	37.3372072637	-121.879855481	1728
W	37.3371389	-121.8799411	1729
W	37.3372072637	-121.879855481	1730
W	37.3371389	-121.8799411	1731
W	37.3372072637	-121.879855481	1732
W	37.3371389	-121.8799411	1733
W	37.3372072637	-121.879855481	1734
W	37.3371389	-121.8799411	1735
W	37.3372072637	-121.879855481	1736
W	37.3371389	-121.8799411	1737
W	37.3372072637	-121.879855481	1738
W	37.3371389	-121.8799411	1739
W	37.3372072637	-121.879855481	1740
W	37.3371389	-121.8799411	1741
W	37.3372072637	-121.879855481	1742
W	37.3371389	-121.8799411	1743
W	37.3372072637	-121.879855481	1744
W	37.3371389	-121.8799411	1745
W	37.3372072637	-121.879855481	1746
W	37.3371389	-121.8799411	1747
W	37.3372072637	-121.879855481	1748
W	37.3371389	-121.8799411	1749
W	37.3372072637	-121.879855481	1750
W	37.3371389	-121.8799411	1751
W	37.3372072637	-121.879855481	1752
W	37.3371389	-121.8799411	1753
W	37.3372072637	-121.879855481	1754
W	37.3371389	-121.8799411	1755
W	37.3372072637	-121.879855481	1756
W	37.3371389	-121.8799411	1757
W	37.3372072637	-121.879855481	1758
W	37.3371389	-121.8799411	1759
W	37.3372072637	-121.879855481	1760
W	37.3371389	-121.8799411	1761
W	37.3372072637	-121.879855481	1762
W	37.3371389	-121.8799411	1763
W	37.3372072637	-121.879855481	1764
W	37.3371389	-121.8799411	1765
W	37.3372072637	-121.879855481	1766
W	37.3371389	-121.8799411	1767
W	37.3372072637	-121.879855481	1768
W	37.3371389	-121.8799411	1769
W	37.3372072637	-121.879855481	1770
W	37.3371389	-121.8799411	1771
W	37.3372072637	-121.879855481	1772
W	37.3371389	-121.8799411	1773
W	37.3372072637	-121.879855481	1774
W	37.3371389	-121.8799411	1775
W	37.3372072637	-121.879855481	1776
W	37.3371389	-121.8799411	1777
W	37.3372072637	-121.879855481	1778
W	37.3371389	-121.8799411	1779
W	37.3372072637	-121.879855481	1780
W	37.3371389	-121.8799411	1781
W	37.3372072637	-121.879855481	1782
W	37.3371389	-121.8799411	1783
W	37.3372072637	-121.879855481	1784
W	37.3371389	-121.8799411	1785
W	37.3372072637	-121.879855481	1786
W	37.3371389	-121.8799411	1787
W	37.3372072637	-121.879855481	1788
W	37.3371389	-121.8799411	1789
W	37.3372072637	-121.879855481	1790
W	37.3371389	-121.8799411	1791
W	37.3372072637	-121.879855481	1792
W	37.3371389	-121.8799411	1793
W	37.3372072637	-121.879855481	1794
W	37.3371389	-121.8799411	1795
W	37.3372072637	-121.879855481	1796
W	37.3371389	-121.8799411	1797
W	37.3372072637	-121.879855481	1798
W	37.3371389	-121.8799411	1799
W	37.3372072637	-121.879855481	1800
W	37.3371389	-121.8799411	1801
W	37.3372072637	-121.879855481	1802
W	37.3371389	-121.8799411	1803
W	37.3372072637	-121.879855481	1804
W	37.3371389	-121.8799411	1805
W	37.3372072637	-121.879855481	1806
W	37.3371389	-121.8799411	1807
W	37.3372072637	-121.879855481	1808
W	37.3371389	-121.8799411	1809
W	37.3372072637	-121.879855481	1810
W	37.3371389	-121.8799411	1811
W	37.3372072637	-121.879855481	1812
W	37.3371389	-121.8799411	1813
W	37.3372072637	-121.879855481	1814
W	37.3371389	-121.8799411	1815
W	37.3372072637	-121.879855481	1816
W	37.3371389	-121.8799411	1817
W	37.3372072637	-121.879855481	1818
